 24
Bakhtiyari	0.0000	0.4545	0.4082	0.5000	0.3939	0.4444	0.3000	0.2929	0.5455	0.5354	0.5222	0.6667	0.5484	0.5670	0.4545	0.5657	0.5051	0.5455	0.4949	0.5222	0.6622	0.5104	0.5417	0.5250
Balochi	0.4545	0.0000	0.4646	0.6184	0.5200	0.4900	0.4857	0.4747	0.5500	0.5400	0.6044	0.7000	0.5851	0.6020	0.5200	0.6700	0.5200	0.5300	0.6000	0.6154	0.6133	0.6186	0.5876	0.5610
Gilaki	0.4082	0.4646	0.0000	0.5467	0.3333	0.4545	0.3571	0.2755	0.5051	0.5051	0.5556	0.6364	0.5699	0.5876	0.4646	0.5859	0.4949	0.5152	0.4949	0.5667	0.6267	0.5625	0.4742	0.5122
Ishkashimi	0.5000	0.6184	0.5467	0.0000	0.5526	0.5658	0.4737	0.5263	0.5789	0.5921	0.4658	0.6579	0.5753	0.5867	0.5789	0.4737	0.5789	0.5658	0.5526	0.5541	0.6102	0.5200	0.5541	0.2368
Judeo-Tati	0.3939	0.5200	0.3333	0.5526	0.0000	0.4700	0.3857	0.3333	0.5300	0.5300	0.5934	0.6800	0.5851	0.6327	0.5300	0.5600	0.5300	0.5400	0.4900	0.5495	0.6800	0.5361	0.5567	0.5122
Kumzari	0.4444	0.4900	0.4545	0.5658	0.4700	0.0000	0.4571	0.4545	0.5500	0.5300	0.6264	0.7300	0.6277	0.6327	0.5400	0.6200	0.5500	0.5500	0.6100	0.6044	0.6933	0.6186	0.5876	0.5366
Luri	0.3000	0.4857	0.3571	0.4737	0.3857	0.4571	0.0000	0.2571	0.6000	0.5714	0.5303	0.6571	0.5588	0.5942	0.5000	0.4714	0.5571	0.5857	0.4571	0.5692	0.6508	0.4853	0.5072	0.4839
Modern_Persian	0.2929	0.4747	0.2755	0.5263	0.3333	0.4545	0.2571	0.0000	0.5354	0.5455	0.5000	0.6667	0.5699	0.5464	0.4848	0.5455	0.5253	0.5556	0.4646	0.4889	0.6351	0.5000	0.4896	0.5250
NK	0.5455	0.5500	0.5051	0.5789	0.5300	0.5500	0.6000	0.5354	0.0000	0.1500	0.6044	0.6700	0.6170	0.6327	0.2100	0.6300	0.2000	0.1100	0.6200	0.6154	0.6667	0.6598	0.5155	0.5122
NWK	0.5354	0.5400	0.5051	0.5921	0.5300	0.5300	0.5714	0.5455	0.1500	0.0000	0.6044	0.6400	0.5957	0.6224	0.2000	0.6300	0.1900	0.1000	0.6300	0.6484	0.6000	0.6598	0.5052	0.5122
Ormuri	0.5222	0.6044	0.5556	0.4658	0.5934	0.6264	0.5303	0.5000	0.6044	0.6044	0.0000	0.6923	0.6163	0.5667	0.5824	0.5604	0.5934	0.5934	0.5824	0.5714	0.5735	0.5455	0.6180	0.5122
Ossetic_Iron	0.6667	0.7000	0.6364	0.6579	0.6800	0.7300	0.6571	0.6667	0.6700	0.6400	0.6923	0.0000	0.7340	0.7143	0.6400	0.7100	0.6700	0.6500	0.7000	0.7473	0.6800	0.7010	0.6701	0.5854
Parachi	0.5484	0.5851	0.5699	0.5753	0.5851	0.6277	0.5588	0.5699	0.6170	0.5957	0.6163	0.7340	0.0000	0.6304	0.5638	0.6064	0.5957	0.6064	0.6170	0.6047	0.6000	0.5761	0.6374	0.5385
Pashto	0.5670	0.6020	0.5876	0.5867	0.6327	0.6327	0.5942	0.5464	0.6327	0.6224	0.5667	0.7143	0.6304	0.0000	0.6020	0.6020	0.6327	0.6327	0.6327	0.6067	0.2877	0.6211	0.6421	0.5250
SEK	0.4545	0.5200	0.4646	0.5789	0.5300	0.5400	0.5000	0.4848	0.2100	0.2000	0.5824	0.6400	0.5638	0.6020	0.0000	0.5700	0.1700	0.2100	0.5900	0.6264	0.6267	0.6186	0.5052	0.5366
Shughni	0.5657	0.6700	0.5859	0.4737	0.5600	0.6200	0.4714	0.5455	0.6300	0.6300	0.5604	0.7100	0.6064	0.6020	0.5700	0.0000	0.6300	0.6300	0.5600	0.5165	0.6667	0.5155	0.6392	0.4390
SK	0.5051	0.5200	0.4949	0.5789	0.5300	0.5500	0.5571	0.5253	0.2000	0.1900	0.5934	0.6700	0.5957	0.6327	0.1700	0.6300	0.0000	0.1600	0.5900	0.6374	0.6400	0.6392	0.5052	0.5122
SWK	0.5455	0.5300	0.5152	0.5658	0.5400	0.5500	0.5857	0.5556	0.1100	0.1000	0.5934	0.6500	0.6064	0.6327	0.2100	0.6300	0.1600	0.0000	0.6300	0.6484	0.6267	0.6392	0.4948	0.5122
Taleshi	0.4949	0.6000	0.4949	0.5526	0.4900	0.6100	0.4571	0.4646	0.6200	0.6300	0.5824	0.7000	0.6170	0.6327	0.5900	0.5600	0.5900	0.6300	0.0000	0.5714	0.6800	0.5464	0.5670	0.5122
Wakhi	0.5222	0.6154	0.5667	0.5541	0.5495	0.6044	0.5692	0.4889	0.6154	0.6484	0.5714	0.7473	0.6047	0.6067	0.6264	0.5165	0.6374	0.6484	0.5714	0.0000	0.7183	0.6180	0.6854	0.5366
Waziri	0.6622	0.6133	0.6267	0.6102	0.6800	0.6933	0.6508	0.6351	0.6667	0.6000	0.5735	0.6800	0.6000	0.2877	0.6267	0.6667	0.6400	0.6267	0.6800	0.7183	0.0000	0.6528	0.6216	0.5294
Yaghnobi	0.5104	0.6186	0.5625	0.5200	0.5361	0.6186	0.4853	0.5000	0.6598	0.6598	0.5455	0.7010	0.5761	0.6211	0.6186	0.5155	0.6392	0.6392	0.5464	0.6180	0.6528	0.0000	0.5957	0.5000
Zazaki	0.5417	0.5876	0.4742	0.5541	0.5567	0.5876	0.5072	0.4896	0.5155	0.5052	0.6180	0.6701	0.6374	0.6421	0.5052	0.6392	0.5052	0.4948	0.5670	0.6854	0.6216	0.5957	0.0000	0.4878
Zebaki	0.5250	0.5610	0.5122	0.2368	0.5122	0.5366	0.4839	0.5250	0.5122	0.5122	0.5122	0.5854	0.5385	0.5250	0.5366	0.4390	0.5122	0.5122	0.5122	0.5366	0.5294	0.5000	0.4878	0.0000
# # Created using the LexStat class of LingPy-2.6.6
