Language_ID,Feature_ID,IPA,Value,BORROWED
Bakhtiyari,1SG,mo,1,?
Balochi,1SG,man,1,?
Gilaki,1SG,mʔn,1,?
Judeo-Tati,1SG,me,1,?
Kumzari,1SG,meh,1,?
Modern_Persian,1SG,man,1,?
Ormuri,1SG,az,2,?
Ossetic_Iron,1SG,æz,2,?
Parachi,1SG,mon,1,?
Shughni,1SG,wuz,2,?
Taleshi,1SG,az,2,?
Wakhi,1SG,wuz,2,?
Waziri,1SG,ze,2,?
Yaghnobi,1SG,man,1,?
Zazaki,1SG,ez,2,?
SEK,1SG,ɛz,2,?
SK,1SG,ɛz,2,?
NK,1SG,ɛz,2,?
SWK,1SG,ɛz,2,?
NWK,1SG,æz,2,?
Zebaki,1SG,az,2,?
Ishkashimi,1SG,az,2,?
Pashto,1SG,zə,2,?
Bakhtiyari,2SG,to,4,?
Balochi,2SG,taw,4,?
Gilaki,2SG,tu,4,?
Judeo-Tati,2SG,tu,4,?
Kumzari,2SG,to,4,?
Modern_Persian,2SG,to,4,?
Ormuri,2SG,tu,4,?
Ossetic_Iron,2SG,dɨ,4,?
Parachi,2SG,to,4,?
Shughni,2SG,tu,4,?
Taleshi,2SG,tɨ,4,?
Wakhi,2SG,tu,4,?
Waziri,2SG,tus,4,?
Yaghnobi,2SG,tu,4,?
Zazaki,2SG,to,4,?
SEK,2SG,tu,4,?
SK,2SG,tɨ,4,?
NK,2SG,tu,4,?
SWK,2SG,tu,4,?
NWK,2SG,tu,4,?
Zebaki,2SG,to,4,?
Ishkashimi,2SG,tu,4,?
Pashto,2SG,tə,4,?
Bakhtiyari,3SG,ho,7,?
Balochi,3SG,ʔa,7,?
Gilaki,3SG,un,8,?
Judeo-Tati,3SG,u,8,?
Kumzari,3SG,je,9,?
Modern_Persian,3SG,u,8,?
Ormuri,3SG,ʔa,7,?
Ossetic_Iron,3SG,uɨj,12,?
Parachi,3SG,o,8,?
Shughni,3SG,ju,9,?
Taleshi,3SG,əv,10,?
Wakhi,3SG,jaw,9,?
Waziri,3SG,agʔa,16,?
Yaghnobi,3SG,ax,8,?
Zazaki,3SG,o,8,?
SEK,3SG,ɛw,10,?
SK,3SG,ɛw,10,?
NK,3SG,ɛw,10,?
SWK,3SG,hɛw,10,?
NWK,3SG,æw,10,?
Zebaki,3SG,ao,8,?
Pashto,3SG,je,9,?
Bakhtiyari,ant,mur,18,?
Balochi,ant,mor,18,?
Gilaki,ant,mur,18,?
Judeo-Tati,ant,muʒine,18,?
Kumzari,ant,giraʁ,19,?
Modern_Persian,ant,murʧa,18,?
Ormuri,ant,murcʧa,18,?
Ossetic_Iron,ant,mældzɨg,20,?
Parachi,ant,murʧ,18,?
Shughni,ant,murʒak,18,?
Taleshi,ant,muʒ,18,?
Wakhi,ant,mirpriʧ,18,?
Yaghnobi,ant,murʧak,18,?
Zazaki,ant,montsle,20,?
SEK,ant,mery,18,?
SK,ant,miro,18,?
NK,ant,mɨrʤolɛk,18,?
SWK,ant,morɨ,18,?
NWK,ant,gera,19,?
Pashto,ant,murʧa,18,?
Bakhtiyari,ash,hol,22,?
Balochi,ash,pʔur,22,?
Gilaki,ash,xak,25,?
Judeo-Tati,ash,xokister,25,?
Kumzari,ash,xariʃtin,25,?
Modern_Persian,ash,xakestar,25,?
Ormuri,ash,xokistar,25,1
Ossetic_Iron,ash,ærtxutæg,27,?
Parachi,ash,bhoʔ,22,?
Shughni,ash,ʔir,24,?
Taleshi,ash,xok,25,?
Wakhi,ash,perg,22,?
Waziri,ash,tra,24,?
Yaghnobi,ash,xoxistar,25,1
Zazaki,ash,wel,26,?
SEK,ash,xuli,26,?
SK,ash,xwɛli,26,?
NK,ash,xwɛli,26,?
SWK,ash,arɨ,28,?
NWK,ash,xæli,26,?
Ishkashimi,ash,usur,24,?
Pashto,ash,ira,24,?
Bakhtiyari,back,gorde,29,?
Balochi,back,pʔuʔt,30,?
Gilaki,back,pəs,30,?
Judeo-Tati,back,pesovo,30,?
Kumzari,back,kamar,31,?
Modern_Persian,back,poʔt,30,?
Ormuri,back,pets,30,?
Ossetic_Iron,back,fæsontæ,30,?
Parachi,back,peʃput,30,?
Shughni,back,dam,34,?
Taleshi,back,pas,30,?
Wakhi,back,dam,34,?
Waziri,back,ʃamzai,35,?
Yaghnobi,back,arka,36,?
Zazaki,back,paʃti,30,?
SEK,back,pɨʃt,30,?
SK,back,pɨʃt,30,?
NK,back,pɨʃt,30,?
SWK,back,pɨʃt,30,?
NWK,back,pɔʃ,30,?
Zebaki,back,dam,34,?
Ishkashimi,back,kamuk,31,?
Bakhtiyari,big,gap,37,?
Balochi,big,mazaan,38,?
Gilaki,big,əzim,39,?
Judeo-Tati,big,dyryjd,41,?
Kumzari,big,gajp,37,1
Modern_Persian,big,bozorg,44,?
Ormuri,big,stur,45,?
Ossetic_Iron,big,stɨr,45,?
Parachi,big,gand,40,?
Shughni,big,ʔulla,46,?
Taleshi,big,ʒol,47,?
Wakhi,big,lup,48,?
Waziri,big,ster,45,?
Yaghnobi,big,katta,40,?
Zazaki,big,gird,45,?
SEK,big,mɛzɨn,38,?
SK,big,mɛzɨn,38,?
NK,big,mɛzɨn,38,?
SWK,big,mɛzɨn,38,?
NWK,big,gɨr,45,?
Zebaki,big,kata,40,?
Ishkashimi,big,katta,40,?
Pashto,big,zbərg,44,?
Bakhtiyari,bird,balende,49,?
Balochi,bird,murgʔ,50,?
Gilaki,bird,murʔ,50,?
Judeo-Tati,bird,parande,49,?
Kumzari,bird,ter,51,1
Modern_Persian,bird,morgʔ,50,?
Ormuri,bird,bubititi,53,?
Ossetic_Iron,bird,margʔ,50,?
Parachi,bird,bɨdɨr,51,?
Shughni,bird,paranda,49,1
Taleshi,bird,kiʒa,55,?
Wakhi,bird,parinda,49,?
Waziri,bird,margʔai,50,?
Yaghnobi,bird,paranda,49,1
Zazaki,bird,miriʔik,50,?
SEK,bird,cycɨk,52,?
SK,bird,ʧuk,52,?
NK,bird,ʧuʧɨk,52,?
SWK,bird,ʧuk,52,?
NWK,bird,ʧɨʧuk,52,?
Zebaki,bird,parinda,49,1
Ishkashimi,bird,parinda,49,?
Pashto,bird,murgh,50,?
Bakhtiyari,bite,gam,57,?
Balochi,bite,waragʔ,58,?
Gilaki,bite,gaz,59,?
Judeo-Tati,bite,gezire,59,?
Kumzari,bite,xaʔadiʔ,60,?
Modern_Persian,bite,dandan,62,?
Ossetic_Iron,bite,xætsɨn,59,?
Parachi,bite,gas,59,?
Shughni,bite,pirend,66,?
Taleshi,bite,vijarde,67,?
Wakhi,bite,denduk,62,?
Waziri,bite,ʔiʔel,64,?
Yaghnobi,bite,kan,59,?
Zazaki,bite,perajiʃ,68,?
SEK,bite,lɛq,65,?
SK,bite,gɛz,59,?
NK,bite,kɨt,63,?
SWK,bite,gæz,59,?
NWK,bite,gæz,59,?
Pashto,bite,ʧiʧel,64,?
Bakhtiyari,bitter,tahl,70,?
Balochi,bitter,taxl,70,?
Gilaki,bitter,təlx,70,?
Judeo-Tati,bitter,texl,70,?
Kumzari,bitter,tahl,70,?
Modern_Persian,bitter,talɣ,70,?
Ormuri,bitter,teʃ,71,?
Ossetic_Iron,bitter,mast,72,?
Parachi,bitter,tɨzi,71,?
Shughni,bitter,tsax,71,?
Taleshi,bitter,təlx,70,?
Wakhi,bitter,talx,70,?
Yaghnobi,bitter,talx,70,?
Zazaki,bitter,taʕl,70,?
SEK,bitter,tiʒ,71,?
SK,bitter,tuʒ,71,?
NK,bitter,tuʒ,71,?
SWK,bitter,tuʒ,71,?
NWK,bitter,tuʒ,71,?
Ishkashimi,bitter,truʃ,71,?
Pashto,bitter,zvəg,73,?
Bakhtiyari,black,ʃah,75,?
Balochi,black,sijah,75,?
Gilaki,black,sija,75,?
Judeo-Tati,black,sijeh,75,?
Kumzari,black,sijeh,75,?
Modern_Persian,black,siah,75,?
Ormuri,black,ɣras,74,?
Ossetic_Iron,black,sau,75,?
Parachi,black,paddo,79,?
Shughni,black,tor,80,?
Taleshi,black,sio,75,?
Wakhi,black,su,75,?
Waziri,black,tor,80,?
Yaghnobi,black,ʃow,75,?
Zazaki,black,sij,75,?
SEK,black,ɹɛʃ,74,?
SK,black,ɹɛʃ,74,?
NK,black,ɹɛʃ,74,?
SWK,black,ɹɛʃ,74,?
NWK,black,ɹæʃ,74,?
Ishkashimi,black,ʃu,75,?
Pashto,black,sijah,75,?
Bakhtiyari,blood,hin,83,?
Balochi,blood,hon,83,?
Gilaki,blood,xun,83,?
Judeo-Tati,blood,xuni,83,?
Kumzari,blood,xuwajm,83,?
Modern_Persian,blood,xun,83,?
Ormuri,blood,in,83,?
Ossetic_Iron,blood,tug,85,?
Parachi,blood,hin,83,?
Shughni,blood,wixin,83,?
Taleshi,blood,xun,83,?
Wakhi,blood,xun,83,?
Waziri,blood,wina,83,?
Yaghnobi,blood,waxin,83,?
Zazaki,blood,guni,83,?
SEK,blood,xin,83,?
SK,blood,xwin,83,?
NK,blood,xun,83,?
SWK,blood,xun,83,?
NWK,blood,xyn,83,?
Ishkashimi,blood,wen,83,?
Pashto,blood,vina,83,?
Bakhtiyari,blow,bad,87,?
Balochi,blow,kaʔagʔ,88,?
Gilaki,blow,dəməstən,89,?
Judeo-Tati,blow,nefes,91,1
Kumzari,blow,uff,90,?
Modern_Persian,blow,vazidan,93,?
Ossetic_Iron,blow,dɨmɨn,89,?
Parachi,blow,pxi,90,?
Shughni,blow,puf,90,?
Taleshi,blow,vaʃte,96,?
Wakhi,blow,kulumut,97,?
Waziri,blow,ʧaledel,98,?
Yaghnobi,blow,puf,90,?
SEK,blow,pɨf,90,?
SK,blow,pɛqandɨn,95,?
NK,blow,pɨf,90,?
SWK,blow,pɨfe,90,?
NWK,blow,puf,90,?
Ishkashimi,blow,puf,90,?
Pashto,blow,pukavəl,94,?
Bakhtiyari,bone,hast,99,?
Balochi,bone,had,100,?
Gilaki,bone,xaʃ,105,?
Judeo-Tati,bone,osdqu,99,?
Kumzari,bone,xar,101,?
Modern_Persian,bone,ostoxan,99,?
Ormuri,bone,stoʔan,99,?
Ossetic_Iron,bone,stæg,99,?
Parachi,bone,hadd,100,1
Shughni,bone,sitxun,99,?
Taleshi,bone,asə,99,?
Wakhi,bone,jusc,99,?
Waziri,bone,hadikai,100,?
Yaghnobi,bone,sitak,99,?
Zazaki,bone,este,99,?
SEK,bone,hestɨk,99,?
SK,bone,hæstu,99,?
NK,bone,hɛsti,99,?
SWK,bone,hɛstɨ,99,?
NWK,bone,hasti,99,?
Ishkashimi,bone,wastuk,99,?
Pashto,bone,had,100,?
Bakhtiyari,breast,pestoʋn,106,?
Balochi,breast,delband,107,?
Gilaki,breast,sinʔ,108,?
Judeo-Tati,breast,sine,108,?
Kumzari,breast,sino,108,?
Modern_Persian,breast,pistan,106,?
Ormuri,breast,tsik,111,?
Ossetic_Iron,breast,dzidzi,111,?
Parachi,breast,sina,108,?
Shughni,breast,sina,108,?
Taleshi,breast,pɨʃton,106,?
Wakhi,breast,sina,108,?
Yaghnobi,breast,vuna,102,?
Zazaki,breast,sene,108,?
SEK,breast,sing,108,?
SK,breast,sɨng,108,?
NK,breast,sɨng,108,?
SWK,breast,sing,108,?
NWK,breast,sɨng,108,?
Zebaki,breast,bar,109,?
Ishkashimi,breast,peʃbar,109,?
Pashto,breast,bar,109,?
Bakhtiyari,burn,sohden,112,?
Balochi,burn,balagʔ,113,?
Gilaki,burn,soxt,112,?
Judeo-Tati,burn,suxde,112,?
Kumzari,burn,haraqa,115,?
Modern_Persian,burn,suxtan,112,?
Ormuri,burn,bras,117,?
Ossetic_Iron,burn,sudzɨn,112,?
Parachi,burn,tʰew,118,?
Shughni,burn,suzax,112,?
Taleshi,burn,syte,112,?
Wakhi,burn,tʰau,118,?
Waziri,burn,baledel,113,?
Yaghnobi,burn,suʧ,112,?
Zazaki,burn,veʃajiʃ,119,?
SEK,burn,sotɨn,112,?
SK,burn,ʃɛwɨtandɨn,116,?
NK,burn,ʃɛwɨtandɨn,116,?
SWK,burn,ʃɛwɨtandɨn,116,?
NWK,burn,ʃɛwɨtɔndɨn,116,?
Ishkashimi,burn,təv,114,?
Pashto,burn,baledəl,113,?
Bakhtiyari,carry,borden,121,?
Balochi,carry,bar,121,?
Gilaki,carry,bərdən,121,?
Judeo-Tati,carry,berde,121,?
Kumzari,carry,ber,121,?
Modern_Persian,carry,bordan,122,?
Ossetic_Iron,carry,xæsɨn,120,?
Parachi,carry,bar,121,?
Shughni,carry,jos,123,?
Taleshi,carry,bardə,121,?
Yaghnobi,carry,var,121,?
Zazaki,carry,bəno,124,?
SEK,carry,keʃan,120,?
SK,carry,kɨʃandɨn,120,?
NK,carry,kɨʃandɨn,120,?
SWK,carry,kɨʃandɨn,120,?
NWK,carry,kɨʃandɨn,120,?
Pashto,carry,kaʃawel,120,?
Bakhtiyari,child,baʧe,131,?
Balochi,child,ʧux,126,?
Gilaki,child,zahak,127,?
Judeo-Tati,child,ʔail,129,1
Kumzari,child,rok,127,?
Modern_Persian,child,baʧe,131,?
Ormuri,child,woɣkaj,133,?
Ossetic_Iron,child,sɨvælon,134,?
Parachi,child,baʔi,125,1
Shughni,child,baʧa,131,?
Taleshi,child,xʔrdan,136,?
Wakhi,child,za,130,?
Waziri,child,workai,133,?
Yaghnobi,child,pulla,138,1
Zazaki,child,qeʧek,139,?
SEK,child,bɨʧyk,131,?
SK,child,zaɹok,130,?
NK,child,zaru,130,?
SWK,child,zar,130,?
NWK,child,del,132,?
Zebaki,child,kut,139,?
Ishkashimi,child,zaman,128,?
Pashto,child,ʧurʧurak,135,?
Bakhtiyari,come,oʋajden,144,?
Balochi,come,agʔ,141,?
Gilaki,come,amon,142,?
Judeo-Tati,come,veromore,144,?
Kumzari,come,hamed,142,?
Modern_Persian,come,amadan,142,?
Ormuri,come,dzok,145,?
Ossetic_Iron,come,tsæuɨn,146,?
Parachi,come,ʒe,147,?
Shughni,come,jad,143,?
Taleshi,come,ma,149,?
Wakhi,come,wezi,150,?
Waziri,come,rotlel,148,?
Yaghnobi,come,vow,151,?
Zazaki,come,aməj,142,?
SEK,come,hatɨn,140,?
SK,come,hatɨn,140,?
NK,come,hatɨn,140,?
SWK,come,hatɨn,140,?
NWK,come,hɔtɨn,140,?
Zebaki,come,is,153,?
Ishkashimi,come,agad,143,?
Pashto,come,ratləl,148,?
Bakhtiyari,crush/grind,telniden,154,?
Balochi,crush/grind,droʃag,155,?
Gilaki,crush/grind,zir,156,?
Judeo-Tati,crush/grind,xjel,158,?
Kumzari,crush/grind,bumir,159,?
Modern_Persian,crush/grind,ɣwurd,160,?
Ormuri,crush/grind,nɔʃra,162,?
Ossetic_Iron,crush/grind,læmarɨn,163,?
Parachi,crush/grind,kut,164,?
Shughni,crush/grind,jan,166,?
Taleshi,crush/grind,hope,167,?
Wakhi,crush/grind,ʂiɣ,168,?
Yaghnobi,crush/grind,ʧuk,169,?
Zazaki,crush/grind,kwatiʃ,170,?
SEK,crush/grind,pɛlʧɨqandɨn,161,?
SK,crush/grind,pɨrʧɨqandɨn,161,?
NK,crush/grind,pɛlʧɨqandɨn,161,?
SWK,crush/grind,pɛlʧɨqandɨn,161,?
NWK,crush/grind,penandɨn,161,?
Ishkashimi,crush/grind,ʃak,157,?
Pashto,crush/grind,majdawəl,165,?
Bakhtiyari,cry/weep,gerejʋesten,171,?
Balochi,cry/weep,grewag,171,?
Gilaki,cry/weep,gərjə,171,?
Judeo-Tati,cry/weep,girisde,171,?
Kumzari,cry/weep,girja,171,?
Modern_Persian,cry/weep,giristan,171,?
Ormuri,cry/weep,ʃu,173,?
Ossetic_Iron,cry/weep,kæwɨn,171,?
Parachi,cry/weep,nara,174,?
Shughni,cry/weep,naw,176,?
Taleshi,cry/weep,bəme,177,?
Yaghnobi,cry/weep,roj,178,?
Zazaki,cry/weep,beɾmajiʃ,179,?
SEK,cry/weep,gɨrɨjan,171,?
SK,cry/weep,gɨri,171,?
NK,cry/weep,gɨrin,171,?
SWK,cry/weep,gɨri,171,?
NWK,cry/weep,gɨrin,171,?
Pashto,cry/weep,ʒarəl,175,?
Bakhtiyari,do,kerden,180,?
Balochi,do,kanag,180,?
Gilaki,do,kudən,180,?
Judeo-Tati,do,soxde,181,?
Kumzari,do,kin,180,?
Modern_Persian,do,kard,180,?
Ormuri,do,kajek,180,?
Ossetic_Iron,do,kænɨn,180,?
Parachi,do,kan,180,?
Shughni,do,ʧidow,180,?
Taleshi,do,karde,180,?
Wakhi,do,car,180,?
Yaghnobi,do,kun,180,?
Zazaki,do,kəɾdɨʃ,180,?
SEK,do,kɨrɨn,180,?
SK,do,kɨrɨn,180,?
NK,do,kɨrɨn,180,?
SWK,do,kɨrɨn,180,?
NWK,do,kɨrɨn,180,?
Ishkashimi,do,kun,180,?
Zebaki,do,kanak,180,?
Pashto,do,kawəl,180,?
Bakhtiyari,dog,saʔ,185,?
Balochi,dog,sag,185,?
Gilaki,dog,seg,185,?
Judeo-Tati,dog,seg,185,?
Kumzari,dog,sogʔ,185,?
Modern_Persian,dog,sag,185,?
Ormuri,dog,kuʧuk,186,?
Ossetic_Iron,dog,kuɨdz,186,?
Parachi,dog,espo,185,?
Shughni,dog,kud,186,?
Taleshi,dog,əspa,185,?
Wakhi,dog,suc,185,?
Waziri,dog,spai,185,?
Yaghnobi,dog,kut,186,?
Zazaki,dog,kutik,186,?
SEK,dog,sɛ,185,?
SK,dog,ṣɛ,185,?
NK,dog,kuʧɨk,186,?
SWK,dog,kuʧɨk,186,?
NWK,dog,sɔ,185,?
Zebaki,dog,ked,186,?
Ishkashimi,dog,kud,186,?
Pashto,dog,spaj,185,?
Bakhtiyari,drink,xarden,189,?
Balochi,drink,waragʔ,189,?
Gilaki,drink,xur,189,?
Judeo-Tati,drink,xurde,189,?
Kumzari,drink,xordiʔ,189,?
Modern_Persian,drink,nuʃidan,192,?
Ormuri,drink,xraxuluk,194,?
Ossetic_Iron,drink,nuazun,192,?
Parachi,drink,ʃup,195,?
Shughni,drink,berez,197,?
Taleshi,drink,ʔum,198,?
Wakhi,drink,pev,191,?
Waziri,drink,tʃel,196,?
Yaghnobi,drink,ʒav,191,?
Zazaki,drink,ʃimitiʃ,200,?
SEK,drink,xarɨnɛwɛ,189,?
SK,drink,vɛxwarɨn,189,?
NK,drink,vɛxwarɨn,189,?
SWK,drink,vɛxwarɨn,189,?
NWK,drink,vɛxɔrɨn,189,?
Ishkashimi,drink,pɜv,191,?
Pashto,drink,tskəl,196,?
Bakhtiyari,ear,guʔ,201,?
Balochi,ear,goʔ,201,?
Gilaki,ear,guʃ,201,?
Judeo-Tati,ear,quloq,202,1
Kumzari,ear,goʔ,201,?
Modern_Persian,ear,guʔ,201,?
Ormuri,ear,goi,201,?
Ossetic_Iron,ear,xʔus,201,?
Parachi,ear,gu,201,?
Shughni,ear,ʔug,203,?
Taleshi,ear,guʃ,201,?
Wakhi,ear,jis,201,?
Waziri,ear,gʔoʑ,201,?
Yaghnobi,ear,guʔ,201,?
Zazaki,ear,goʔ,201,?
SEK,ear,guh,201,?
SK,ear,guh,201,?
NK,ear,go,201,?
SWK,ear,guh,201,?
NWK,ear,guʧ,201,?
Zebaki,ear,gal,201,?
Ishkashimi,ear,gol,201,?
Pashto,ear,ghvaʒ,201,?
Bakhtiyari,eat,xarden,205,?
Balochi,eat,waragʔ,205,?
Gilaki,eat,xurdʔn,205,?
Judeo-Tati,eat,xurde,205,?
Kumzari,eat,xor,205,?
Modern_Persian,eat,xordan,205,?
Ormuri,eat,xraxuluk,206,?
Ossetic_Iron,eat,xærɨn,205,?
Parachi,eat,xar,205,?
Shughni,eat,xar,205,?
Taleshi,eat,xor,205,?
Wakhi,eat,jau,207,?
Waziri,eat,xwarel,205,?
Yaghnobi,eat,xwar,205,?
Zazaki,eat,werdiʔ,205,?
SEK,eat,xarɨn,205,?
SK,eat,xwarɨn,205,?
NK,eat,xwarɨn,205,?
SWK,eat,xarɨn,205,?
NWK,eat,xɔrɨn,205,?
Zebaki,eat,xar,205,?
Ishkashimi,eat,xar,205,?
Pashto,eat,ɣvarəl,205,?
Bakhtiyari,egg,haje,212,?
Balochi,egg,haix,212,?
Gilaki,egg,morɣanə,210,?
Judeo-Tati,egg,xoje,212,?
Kumzari,egg,xaig,212,?
Modern_Persian,egg,toxm,211,?
Ormuri,egg,supal,213,?
Ossetic_Iron,egg,aʔk,212,?
Parachi,egg,ex,212,?
Shughni,egg,tarmurx,211,1
Taleshi,egg,moɣnə,215,?
Wakhi,egg,tɨxmɨrg,211,1
Waziri,egg,jowja,208,?
Yaghnobi,egg,taxm,211,1
Zazaki,egg,hak,212,?
SEK,egg,helɨk,212,?
SK,egg,hek,212,?
NK,egg,hek,212,?
SWK,egg,hek,212,?
NWK,egg,hek,212,?
Ishkashimi,egg,akik,212,?
Pashto,egg,voja,208,?
Bakhtiyari,eye,tej,217,?
Balochi,eye,ʔham,219,?
Gilaki,eye,cʔm,219,?
Judeo-Tati,eye,ʔum,219,?
Kumzari,eye,ʔom,219,?
Modern_Persian,eye,ʧasm,219,?
Ormuri,eye,ʔimi,219,?
Ossetic_Iron,eye,kaest,221,?
Parachi,eye,dida,222,?
Shughni,eye,ʔaxm,219,?
Taleshi,eye,caʔm,219,?
Wakhi,eye,cezm,219,?
Waziri,eye,sterga,223,?
Yaghnobi,eye,gurda,223,?
Zazaki,eye,ʧim,219,?
SEK,eye,ʧaw,219,?
SK,eye,ʧaʕv,219,?
NK,eye,ʧɛʕv,219,?
SWK,eye,ʧav,219,?
NWK,eye,ʧɔv,219,?
Zebaki,eye,tsam,219,?
Ishkashimi,eye,tsam,219,?
Pashto,eye,stərga,223,?
Bakhtiyari,fall,ʋasten,228,?
Balochi,fall,xafagʔ,225,?
Gilaki,fall,kəft,225,?
Judeo-Tati,fall,ofdore,229,?
Kumzari,fall,keft,225,?
Modern_Persian,fall,oftadan,229,?
Ormuri,fall,juz,228,?
Ossetic_Iron,fall,xauɨn,225,?
Parachi,fall,ʧhar,231,?
Shughni,fall,raz,233,?
Taleshi,fall,laka,234,?
Wakhi,fall,wez,228,?
Waziri,fall,prewatel,236,?
Yaghnobi,fall,dewi,237,?
Zazaki,fall,kewtiʔ,225,?
SEK,fall,kɛtɨn,225,?
SK,fall,kɛtɨn,225,?
NK,fall,kɛtɨn,225,?
SWK,fall,kɛtɨn,225,?
NWK,fall,kɛtɨn,225,?
Zebaki,fall,idawi,237,?
Ishkashimi,fall,waz,228,?
Pashto,fall,lvedəl,232,?
Bakhtiyari,far,dir,238,?
Balochi,far,dir,238,?
Gilaki,far,dur,238,?
Judeo-Tati,far,dur,238,?
Kumzari,far,dur,238,?
Modern_Persian,far,dur,238,?
Ormuri,far,pets,239,1
Ossetic_Iron,far,dard,238,?
Parachi,far,durin,238,?
Shughni,far,dar,238,?
Taleshi,far,diəro,238,?
Wakhi,far,dir,238,?
Waziri,far,lire,238,?
Yaghnobi,far,dur,238,?
Zazaki,far,duri,238,?
SEK,far,dyr,238,?
SK,far,dur,238,?
NK,far,dur,238,?
SWK,far,dur,238,?
NWK,far,dur,238,?
Zebaki,far,dir,238,?
Ishkashimi,far,dir,238,?
Pashto,far,lire,238,?
Bakhtiyari,fire,taʃ,240,?
Balochi,fire,as,240,?
Gilaki,fire,atʔ,240,?
Judeo-Tati,fire,ʔatoʔ,240,?
Kumzari,fire,hatiʔ,240,?
Modern_Persian,fire,ataʔ,240,?
Ormuri,fire,run,244,?
Ossetic_Iron,fire,art,243,?
Parachi,fire,oʔ,240,?
Shughni,fire,alow,245,?
Taleshi,fire,otaʔ,240,?
Wakhi,fire,ruxunigʔ,246,?
Waziri,fire,jor,243,?
Yaghnobi,fire,olow,245,?
Zazaki,fire,adir,243,?
SEK,fire,agɨr,242,?
SK,fire,agɨr,242,?
NK,fire,agɨr,242,?
SWK,fire,ar,243,?
NWK,fire,ɔr,243,?
Zebaki,fire,roʃni,241,?
Ishkashimi,fire,roʃni,241,?
Pashto,fire,or,243,?
Bakhtiyari,fish,mai,247,?
Balochi,fish,mahi,247,1
Gilaki,fish,mahi,247,?
Judeo-Tati,fish,ʤaʃ,248,?
Kumzari,fish,mi,247,?
Modern_Persian,fish,mahi,247,?
Ormuri,fish,maʔi,247,1
Ossetic_Iron,fish,kæsag,249,?
Parachi,fish,maso,247,?
Shughni,fish,moji,247,1
Taleshi,fish,mohi,247,?
Wakhi,fish,moj,247,?
Yaghnobi,fish,mahi,247,1
Zazaki,fish,mase,247,?
SEK,fish,masi,247,?
SK,fish,masi,247,?
NK,fish,mɛʕsi,247,?
SWK,fish,masɨ,247,?
NWK,fish,mɔsi,247,?
Ishkashimi,fish,moi,247,?
Pashto,fish,mahaj,247,?
Bakhtiyari,fly,paʃxe,250,?
Balochi,fly,masesk,251,?
Gilaki,fly,məgəs,251,?
Judeo-Tati,fly,megez,251,?
Kumzari,fly,mes,251,?
Modern_Persian,fly,mags,251,?
Ormuri,fly,maʃɨ,251,?
Ossetic_Iron,fly,tæxɨn,254,?
Parachi,fly,rhoz,253,?
Shughni,fly,riwaz,253,?
Taleshi,fly,parʔst,252,?
Wakhi,fly,maks,251,?
Waziri,fly,wratel,256,?
Yaghnobi,fly,par,252,?
Zazaki,fly,perʔajiʔ,252,?
SEK,fly,meʃ,251,?
SK,fly,meʃ,251,?
NK,fly,meʃ,251,?
SWK,fly,meɹ,251,?
NWK,fly,mɛʃ,251,?
Ishkashimi,fly,paʃɛ,250,?
Pashto,fly,məʧ,251,?
Bakhtiyari,give,daden,258,?
Balochi,give,deagʔ,258,?
Gilaki,give,daan,258,?
Judeo-Tati,give,dore,258,?
Kumzari,give,do,258,?
Modern_Persian,give,dadan,258,?
Ormuri,give,baʃ,259,?
Ossetic_Iron,give,dættɨn,258,?
Shughni,give,dedow,258,?
Taleshi,give,da,258,?
Wakhi,give,rand,261,?
Waziri,give,derkrel,258,?
Yaghnobi,give,tifar,262,?
Zazaki,give,dajiʔ,258,?
SEK,give,dan,258,?
SK,give,dan,258,?
NK,give,dayin,258,?
SWK,give,dan,258,?
NWK,give,dɔyin,258,?
Zebaki,give,da,258,?
Ishkashimi,give,da,258,?
Pashto,give,darkawəl,258,?
Bakhtiyari,go,rahden,263,?
Balochi,go,rawag,264,?
Gilaki,go,ʃon,265,?
Judeo-Tati,go,rafde,263,?
Kumzari,go,raft,263,?
Modern_Persian,go,raftan,263,?
Ormuri,go,tsaw,265,?
Ossetic_Iron,go,tsæwɨn,265,?
Parachi,go,ʧim,267,?
Shughni,go,saw,265,?
Taleshi,go,ʃe,265,?
Wakhi,go,ʧaw,265,?
Yaghnobi,go,tir,270,?
Zazaki,go,ʃɨjajiʃ,271,?
SEK,go,ʧun,266,?
SK,go,ʧun,266,?
NK,go,ʧuyin,266,?
SWK,go,ʧun,266,?
NWK,go,ʧuyin,266,?
Ishkashimi,go,ʃu,265,?
Zebaki,go,ʃom,266,?
Pashto,go,tləl,268,?
Bakhtiyari,good,xoʋ,272,?
Balochi,good,ʃar,273,?
Gilaki,good,xob,272,?
Judeo-Tati,good,xub,272,?
Kumzari,good,xair,273,?
Modern_Persian,good,xub,272,?
Ormuri,good,ʃir,274,?
Ossetic_Iron,good,xorz,272,?
Parachi,good,kori,276,?
Shughni,good,baʃand,277,?
Taleshi,good,xuʔ,272,?
Wakhi,good,xub,272,?
Waziri,good,ʃe,278,?
Yaghnobi,good,obadon,279,?
Zazaki,good,weʃ,277,?
SEK,good,baʃ,277,?
SK,good,baʃ,277,?
NK,good,ɹɨnd,275,?
SWK,good,rɨnd,275,?
NWK,good,ɹɨnd,275,?
Zebaki,good,feri,274,?
Ishkashimi,good,fri,274,?
Pashto,good,ɣuʃ,272,?
Bakhtiyari,hair,mi,280,?
Balochi,hair,phut,281,?
Gilaki,hair,mu,280,?
Judeo-Tati,hair,muj,280,?
Kumzari,hair,mu,280,?
Modern_Persian,hair,mu,280,?
Ormuri,hair,dri,284,?
Ossetic_Iron,hair,særɨxʔuɨn,285,?
Parachi,hair,doʃ,286,?
Shughni,hair,muj,280,?
Taleshi,hair,my,280,?
Wakhi,hair,ʃafʃ,288,?
Waziri,hair,weʃte,289,?
Yaghnobi,hair,diraw,284,?
Zazaki,hair,mu,280,?
SEK,hair,pɨrʧ,283,?
SK,hair,pov,287,?
NK,hair,por,283,?
SWK,hair,por,283,?
NWK,hair,por,283,?
Zebaki,hair,segund,290,?
Ishkashimi,hair,ɣenuk,282,?
Pashto,hair,mu,280,?
Bakhtiyari,hand,dast,291,?
Balochi,hand,dast,291,?
Gilaki,hand,dʔs,291,?
Judeo-Tati,hand,des,291,?
Kumzari,hand,dist,291,?
Modern_Persian,hand,dast,291,?
Ormuri,hand,dest,291,?
Ossetic_Iron,hand,kʔux,293,?
Parachi,hand,dɜst,291,?
Shughni,hand,dast,291,?
Taleshi,hand,dast,291,?
Wakhi,hand,dast,291,?
Waziri,hand,los,291,?
Yaghnobi,hand,dast,291,?
Zazaki,hand,dest,291,?
SEK,hand,mɨl,294,?
SK,hand,mɨl,294,?
NK,hand,phi,292,?
SWK,hand,phi,292,?
NWK,hand,phi,292,?
Zebaki,hand,dast,291,?
Ishkashimi,hand,dust,291,?
Pashto,hand,las,291,?
Bakhtiyari,hard,seft,295,?
Balochi,hard,trond,296,?
Gilaki,hard,kar,297,?
Judeo-Tati,hard,texdeteher,299,?
Kumzari,hard,iʃk,300,?
Modern_Persian,hard,saɣt,295,?
Ormuri,hard,tiŋ,296,?
Ossetic_Iron,hard,xwæbær,302,?
Parachi,hard,ʁaweri,303,?
Shughni,hard,xaʃ,295,?
Taleshi,hard,ʧətin,296,?
Wakhi,hard,ʃux,295,?
Yaghnobi,hard,wazmin,305,?
Zazaki,hard,sert,301,?
SEK,hard,rɛq,304,?
SK,hard,hɨʃk,300,?
NK,hard,ʕɛʃk,300,?
SWK,hard,sɛrt,301,?
NWK,hard,sɛɹt,301,?
Ishkashimi,hard,kulaɣ,297,?
Pashto,hard,saɣt,295,?
Bakhtiyari,hear,aʔniden,306,?
Balochi,hear,asxanagʔ,306,?
Gilaki,hear,iʃnav,306,?
Judeo-Tati,hear,ʃinire,306,?
Kumzari,hear,ʃnaft,306,?
Modern_Persian,hear,ʃenidan,306,?
Ormuri,hear,amar,312,?
Ossetic_Iron,hear,xʔusɨn,311,?
Parachi,hear,harw,313,?
Shughni,hear,xin,309,?
Taleshi,hear,mas,316,?
Wakhi,hear,ksɨj,317,?
Waziri,hear,arwedel,314,?
Yaghnobi,hear,duguʔ,318,?
Zazaki,hear,aʃnawitiʃ,306,?
SEK,hear,bɨhistɨn,311,?
SK,hear,ħɨs,311,?
NK,hear,bɨhistɨn,311,?
SWK,hear,bɨhistɨn,311,?
NWK,hear,bistɨn,311,?
Ishkashimi,hear,ʃud,309,?
Pashto,hear,arvedəl,314,?
Bakhtiyari,heavy,saʔin,319,?
Balochi,heavy,giran,320,?
Gilaki,heavy,səngin,319,?
Judeo-Tati,heavy,gurund,320,?
Kumzari,heavy,sanʔgi,319,?
Modern_Persian,heavy,saʔin,319,?
Ormuri,heavy,wazmɨnd,321,?
Ossetic_Iron,heavy,wæzau,321,?
Parachi,heavy,giran,320,?
Shughni,heavy,wazmin,321,?
Taleshi,heavy,səxt,323,?
Wakhi,heavy,ghuruʔ,320,?
Waziri,heavy,drind,320,?
Yaghnobi,heavy,wazmin,321,?
Zazaki,heavy,ʃenik,319,?
SEK,heavy,gɨran,320,?
SK,heavy,gɨran,320,?
NK,heavy,gɨran,320,?
SWK,heavy,gɨran,320,?
NWK,heavy,gɨran,320,?
Ishkashimi,heavy,wazmin,321,?
Pashto,heavy,drund,320,?
Bakhtiyari,hide,xef,326,?
Balochi,hide,per,327,?
Gilaki,hide,ʒuxusanen,328,?
Judeo-Tati,hide,pexni,329,?
Kumzari,hide,enar,329,?
Modern_Persian,hide,panhan,329,?
Ormuri,hide,ɣəle,332,?
Ossetic_Iron,hide,æmbæxsɨn,333,?
Parachi,hide,xaz,334,?
Shughni,hide,pano,329,?
Taleshi,hide,noho,336,?
Yaghnobi,hide,baʤo,337,?
SEK,hide,ʃartɨnɛwɛ,331,?
SK,hide,vɛʃartɨn,331,?
NK,hide,vɛʃartɨn,331,?
SWK,hide,vɛʃartɨn,331,?
NWK,hide,vɛʃartɨn,331,?
Pashto,hide,nixamavəl,335,?
Bakhtiyari,hit/beat,koften,338,?
Balochi,hit/beat,ʔanagʔ,339,?
Gilaki,hit/beat,kəf,340,?
Judeo-Tati,hit/beat,kuf,338,?
Kumzari,hit/beat,okt,341,?
Modern_Persian,hit/beat,zadan,342,?
Ormuri,hit/beat,zan,342,?
Ossetic_Iron,hit/beat,tsævɨn,338,?
Parachi,hit/beat,ʤan,338,?
Shughni,hit/beat,di,345,?
Taleshi,hit/beat,zan,342,?
Wakhi,hit/beat,di,345,?
Waziri,hit/beat,wahel,346,?
Zazaki,hit/beat,dajiʔ,347,?
SEK,hit/beat,ledan,343,?
SK,hit/beat,lexɨstɨn,343,?
NK,hit/beat,lexɨstɨn,343,?
SWK,hit/beat,lexɨstɨn,343,?
NWK,hit/beat,lexɨstɨn,343,?
Pashto,hit/beat,drazawəl,344,?
Bakhtiyari,horn,ʃax,350,?
Balochi,horn,kanʈ,349,?
Gilaki,horn,ʃax,350,?
Judeo-Tati,horn,ʃox,350,?
Kumzari,horn,qarn,352,?
Modern_Persian,horn,ʃax,350,?
Ormuri,horn,ʃax,350,?
Ossetic_Iron,horn,sɨ,350,?
Parachi,horn,ʃi,350,?
Shughni,horn,xaʃ,350,?
Taleshi,horn,ʃux,350,?
Wakhi,horn,ʃəu,350,?
Yaghnobi,horn,ʃox,350,?
Zazaki,horn,qoʔ,354,?
SEK,horn,ʃax,350,?
SK,horn,stɨrɨh,358,?
NK,horn,qoʧ,354,?
SWK,horn,qoʧ,354,?
NWK,horn,ustru,355,?
Ishkashimi,horn,vərok,351,?
Pashto,horn,xkər,357,?
Bakhtiyari,house,hoʋne,359,?
Balochi,house,ʧarkol,360,?
Gilaki,house,xanə,359,?
Judeo-Tati,house,xune,359,?
Kumzari,house,xanaʁ,359,?
Modern_Persian,house,ɣana,359,?
Ormuri,house,nar,359,?
Ossetic_Iron,house,xædzar,359,?
Parachi,house,ʁus,362,?
Shughni,house,ʧid,364,?
Taleshi,house,kə,364,?
Wakhi,house,ɣun,359,?
Yaghnobi,house,kat,364,?
Zazaki,house,ban,365,?
SEK,house,mal,361,?
SK,house,mal,361,?
NK,house,mal,361,?
SWK,house,mal,361,?
NWK,house,mɔl,361,?
Zebaki,house,ɣan,359,?
Ishkashimi,house,ɣun,359,?
Pashto,house,kor,364,?
Bakhtiyari,in,men,366,?
Balochi,in,man,366,?
Gilaki,in,dər,368,?
Judeo-Tati,in,der,368,?
Kumzari,in,indi,369,?
Modern_Persian,in,dar,368,?
Ormuri,in,nɛ,370,?
Ossetic_Iron,in,mae,366,?
Parachi,in,tar,368,?
Shughni,in,pi,372,?
Taleshi,in,bə,372,?
Wakhi,in,ne,370,?
Waziri,in,kʔe,374,?
Zazaki,in,di,368,?
SEK,in,dɨ,368,?
SK,in,dɨ,368,?
NK,in,dɨ,368,?
SWK,in,dɨ,368,?
NWK,in,dæ,368,?
Zebaki,in,ka,374,?
Ishkashimi,in,dar,368,?
Pashto,in,pex,372,?
Bakhtiyari,knee,zuni,375,?
Balochi,knee,ʈong,376,?
Gilaki,knee,zanu,375,?
Judeo-Tati,knee,zani,375,?
Kumzari,knee,rukbit,378,?
Modern_Persian,knee,zanu,375,?
Ormuri,knee,zanu,375,?
Ossetic_Iron,knee,wɜrag,379,?
Parachi,knee,zonu,375,?
Shughni,knee,zun,375,?
Taleshi,knee,zəŋ,375,?
Yaghnobi,knee,zonk,375,?
Zazaki,knee,saqe,373,?
SEK,knee,ʧok,376,?
SK,knee,kabok,376,?
NK,knee,ʧok,376,?
SWK,knee,ʧong,376,?
NWK,knee,ʧok,376,?
Ishkashimi,knee,zung,375,?
Pashto,knee,zanu,375,?
Bakhtiyari,know,doʋnesten,380,?
Balochi,know,sahih biagh,381,?
Gilaki,know,dan,380,?
Judeo-Tati,know,ʃinoxde,383,?
Kumzari,know,dan,380,?
Modern_Persian,know,danestan,380,?
Ossetic_Iron,know,fæsmærun,384,?
Parachi,know,xabʔar,385,?
Shughni,know,fam,386,?
Taleshi,know,zun,380,?
Wakhi,know,dis,382,?
Waziri,know,xabar,385,?
Yaghnobi,know,giriv,388,?
Zazaki,know,zanajiʔ,380,?
SEK,know,zanin,380,?
SK,know,zanin,380,?
NK,know,zanin,380,?
SWK,know,zanin,380,?
NWK,know,zɔnin,380,?
Bakhtiyari,laugh,handesten,389,?
Balochi,laugh,xandagʔ,389,?
Gilaki,laugh,xəndʔ,389,?
Judeo-Tati,laugh,xendysde,389,?
Kumzari,laugh,xanidiʔ,389,?
Modern_Persian,laugh,xandidan,389,?
Ormuri,laugh,xanak,389,?
Ossetic_Iron,laugh,xudɨn,389,?
Parachi,laugh,xan,389,?
Shughni,laugh,ʔand,389,?
Taleshi,laugh,xanda,389,?
Wakhi,laugh,kund,389,?
Waziri,laugh,xandel,389,?
Yaghnobi,laugh,xant,389,?
Zazaki,laugh,huwajiʃ,391,?
SEK,laugh,kɛnin,389,?
SK,laugh,kɛn,389,?
NK,laugh,kɛnin,389,?
SWK,laugh,kɛnin,389,?
NWK,laugh,kænin,389,?
Pashto,laugh,ɣandedəl,389,?
Bakhtiyari,leaf,par,392,?
Balochi,leaf,thax,393,?
Gilaki,leaf,bərg,392,?
Judeo-Tati,leaf,velg,392,?
Kumzari,leaf,warq,392,?
Modern_Persian,leaf,barg,392,?
Ormuri,leaf,barg,392,?
Ossetic_Iron,leaf,sɨf,395,?
Parachi,leaf,pon,396,?
Shughni,leaf,barg,392,1
Taleshi,leaf,liv,395,?
Wakhi,leaf,pulc,392,?
Waziri,leaf,ponrje,397,?
Yaghnobi,leaf,barg,392,?
Zazaki,leaf,velg,392,?
SEK,leaf,pɛlɨk,392,?
SK,leaf,pɛl,392,?
NK,leaf,pɛl,392,?
SWK,leaf,pɛlʧ,392,?
NWK,leaf,ʧɨlo,394,?
Ishkashimi,leaf,barg,392,1
Pashto,leaf,barg,392,?
Bakhtiyari,leg/foot,leʔ,398,?
Balochi,leg/foot,phadh,399,?
Gilaki,leg/foot,pa,399,?
Judeo-Tati,leg/foot,poj,399,?
Kumzari,leg/foot,pa,399,?
Modern_Persian,leg/foot,pa,399,?
Ossetic_Iron,leg/foot,kʔax,403,?
Parachi,leg/foot,leng,398,?
Shughni,leg/foot,po,399,?
Taleshi,leg/foot,ləng,398,?
Wakhi,leg/foot,pued,399,?
Waziri,leg/foot,pʔa,399,?
Yaghnobi,leg/foot,poda,399,?
Zazaki,leg/foot,liʔ,398,?
SEK,leg/foot,lɨng,398,?
SK,leg/foot,lɨng,398,?
NK,leg/foot,ʧip,401,?
SWK,leg/foot,nɨg,402,?
NWK,leg/foot,nɨg,402,?
Ishkashimi,leg/foot,tsiwling,400,?
Pashto,leg/foot,pa,399,?
Bakhtiyari,liver,ʤijar,406,?
Balochi,liver,ʤaghar,406,1
Gilaki,liver,ʤəgər,406,?
Judeo-Tati,liver,ʔiger,406,?
Kumzari,liver,joʁur,408,?
Modern_Persian,liver,ʔegar,406,?
Ossetic_Iron,liver,igær,406,?
Parachi,liver,ʔigar,406,1
Shughni,liver,ʔigar,406,?
Taleshi,liver,ʤigə,406,?
Wakhi,liver,ʔigar,406,1
Waziri,liver,jenna,410,?
Yaghnobi,liver,ʃupurda,411,?
Zazaki,liver,qesiba,412,1
SEK,liver,cɛrg,406,1
SK,liver,kɛzɛb,409,?
NK,liver,cigɛr,406,1
SWK,liver,kɛzɛw,409,?
NWK,liver,cigær,406,1
Ishkashimi,liver,gola,407,?
Pashto,liver,dzigar,406,?
Bakhtiyari,long,deraz,413,?
Balochi,long,draʒ,413,?
Gilaki,long,dʔraz,413,?
Judeo-Tati,long,duraz,413,?
Kumzari,long,draz,413,?
Modern_Persian,long,deraz,413,?
Ormuri,long,drox,413,?
Ossetic_Iron,long,dargʔ,416,?
Parachi,long,biʃt,417,?
Shughni,long,daroz,413,?
Taleshi,long,dɨroz,413,?
Wakhi,long,deroz,413,?
Waziri,long,wiʒd,414,?
Yaghnobi,long,van,418,?
Zazaki,long,derg,413,?
SEK,long,dreʒ,413,?
SK,long,dɨreʒ,413,?
NK,long,dɨreʒ,413,?
SWK,long,dɨreʒ,413,?
NWK,long,dɨreʒ,413,?
Ishkashimi,long,wuzduk,414,?
Pashto,long,uʒd,414,?
Bakhtiyari,louse,ʃeʃ,419,?
Balochi,louse,bot,420,?
Gilaki,louse,səbəʤ,419,?
Judeo-Tati,louse,subuʤ,419,?
Kumzari,louse,qarʔa,421,?
Modern_Persian,louse,ʃepeʃ,419,?
Ormuri,louse,spoi,419,?
Ossetic_Iron,louse,sɨst,419,1
Parachi,louse,ispo,419,?
Shughni,louse,sipag,419,?
Taleshi,louse,əsbə,419,?
Wakhi,louse,sis,419,?
Waziri,louse,spaʒa,419,?
Yaghnobi,louse,ʃipuʃ,419,?
Zazaki,louse,eʃpiʒ,419,?
SEK,louse,hɨspi,419,?
SK,louse,spɛh,419,?
NK,louse,sɨpi,419,?
SWK,louse,spɨʔ,419,?
NWK,louse,ɨspi,419,?
Ishkashimi,louse,spul,419,?
Pashto,louse,spəʒa,419,?
Bakhtiyari,meat,guʔt,423,?
Balochi,meat,goʒd,423,?
Gilaki,meat,guʔt,423,?
Judeo-Tati,meat,guʔd,423,?
Kumzari,meat,goʔt,423,?
Modern_Persian,meat,guʔt,423,?
Ormuri,meat,goka,425,?
Ossetic_Iron,meat,fɨd,426,?
Parachi,meat,xuʃ,423,?
Shughni,meat,guxt,423,?
Taleshi,meat,guzʔd,423,?
Wakhi,meat,gost,423,?
Waziri,meat,gʔoʔa,427,?
Yaghnobi,meat,jota,423,?
Zazaki,meat,goʔt,423,?
SEK,meat,goʃt,423,?
SK,meat,goʃt,423,?
NK,meat,goʃt,423,?
SWK,meat,goʃt,423,?
NWK,meat,goʃt,423,?
Ishkashimi,meat,pudf,424,?
Pashto,meat,ghvaɣa,427,?
Bakhtiyari,mouth,dohoʔn,430,?
Balochi,mouth,daf,430,?
Gilaki,mouth,dʔhan,430,?
Judeo-Tati,mouth,laʔa,432,?
Kumzari,mouth,kar,433,?
Modern_Persian,mouth,dahan,429,?
Ormuri,mouth,don,429,?
Ossetic_Iron,mouth,kom,435,?
Parachi,mouth,ʃoɳɖ,436,?
Shughni,mouth,xov,438,?
Taleshi,mouth,gəv,433,?
Wakhi,mouth,gʔus,439,?
Waziri,mouth,xwula,437,?
Yaghnobi,mouth,rax,440,?
Zazaki,mouth,fek,441,?
SEK,mouth,dɛw,430,?
SK,mouth,dɛv,430,?
NK,mouth,dɛv,430,?
SWK,mouth,dɛv,430,?
NWK,mouth,dɔv,430,?
Ishkashimi,mouth,futs,431,?
Pashto,mouth,ɣula,437,?
Balochi,name,nam,442,?
Gilaki,name,nam,442,?
Judeo-Tati,name,num,442,?
Kumzari,name,nam,442,?
Ormuri,name,nom,442,?
Ossetic_Iron,name,nom,442,?
Parachi,name,nɒm,442,?
Shughni,name,num,442,?
Taleshi,name,nom,442,?
Wakhi,name,nuŋ,443,?
Waziri,name,num,442,?
Yaghnobi,name,nom,442,?
Zazaki,name,name,442,?
SEK,name,naw,442,?
SK,name,nav,442,?
NK,name,nav,442,?
SWK,name,nav,442,?
NWK,name,nɔv,442,?
Zebaki,name,nem,442,?
Pashto,name,num,442,?
Bakhtiyari,navel,naf,444,?
Balochi,navel,don,445,?
Judeo-Tati,navel,nof,444,?
Kumzari,navel,nawaʁ,444,?
Modern_Persian,navel,naf,444,?
Ormuri,navel,nefak,444,?
Ossetic_Iron,navel,bik,446,?
Parachi,navel,nof,444,?
Shughni,navel,nof,444,?
Taleshi,navel,nofə,444,?
Wakhi,navel,nof,444,?
Yaghnobi,navel,nofa,444,?
SEK,navel,nawɨk,444,?
SK,navel,navɨk,444,?
NK,navel,navɨk,444,?
SWK,navel,nevk,444,?
NWK,navel,nɔvɨk,444,?
Ishkashimi,navel,naf,444,?
Pashto,navel,naf,444,?
Bakhtiyari,neck,garden,448,?
Balochi,neck,gwar,448,?
Gilaki,neck,guli,448,?
Judeo-Tati,neck,gerden,448,?
Kumzari,neck,gurdin,448,?
Modern_Persian,neck,gardan,448,?
Ormuri,neck,gardan,448,?
Ossetic_Iron,neck,bɜrzɜj,452,?
Parachi,neck,maɳɖʔa,453,?
Shughni,neck,gardan,448,?
Taleshi,neck,gardan,448,?
Wakhi,neck,gerdon,448,?
Yaghnobi,neck,kʔama,455,?
Zazaki,neck,mil,456,?
SEK,neck,sukur,454,?
SK,neck,sukur,454,?
NK,neck,hɨstu,451,?
SWK,neck,hɨstɨ,451,?
NWK,neck,ustɨ,451,?
Pashto,neck,gardan,448,?
Bakhtiyari,new,nu,457,?
Balochi,new,nox,457,?
Gilaki,new,tazə,458,?
Judeo-Tati,new,toze,458,?
Kumzari,new,no,457,?
Modern_Persian,new,taze,458,?
Ormuri,new,nuw,457,?
Ossetic_Iron,new,næwæg,457,?
Parachi,new,no,457,?
Shughni,new,naw,457,?
Taleshi,new,toʒə,458,?
Wakhi,new,toza,458,?
Waziri,new,newai,457,?
Yaghnobi,new,nava,457,?
Zazaki,new,newe,457,?
SEK,new,ny,457,?
SK,new,nu,457,?
NK,new,tɛzɛ,458,?
SWK,new,no,457,?
NWK,new,no,457,?
Ishkashimi,new,nawuk,457,?
Pashto,new,nəvaj,457,?
Bakhtiyari,night,ʔaʔ,459,?
Balochi,night,ʔaf,459,?
Gilaki,night,ʔb,459,?
Judeo-Tati,night,ʔev,459,?
Kumzari,night,ʔo,459,?
Modern_Persian,night,ʔab,459,?
Ormuri,night,ʃo,459,?
Ossetic_Iron,night,æxtsæv,459,?
Parachi,night,xawʃɒn,459,?
Shughni,night,xab,459,?
Taleshi,night,ʔav,459,?
Wakhi,night,nugʔd,462,?
Waziri,night,ʔpa,459,?
Yaghnobi,night,xʔap,459,?
Zazaki,night,ʔew,459,?
SEK,night,ʃɛw,459,?
SK,night,ʃɛv,459,?
NK,night,ʃɛv,459,?
SWK,night,ɹæv,459,?
NWK,night,ʃæv,459,?
Ishkashimi,night,ʔab,459,?
Zebaki,night,ferʔun,463,?
Pashto,night,ʃab,461,?
Bakhtiyari,nose,noft,467,?
Balochi,nose,phonz,465,?
Gilaki,nose,dəmaɣ,466,?
Judeo-Tati,nose,vini,467,?
Kumzari,nose,noxaret,469,?
Modern_Persian,nose,damagʔ,466,?
Ormuri,nose,nini,467,?
Ossetic_Iron,nose,fɨndz,468,?
Parachi,nose,damoʔ,466,1
Shughni,nose,neʔ,467,?
Taleshi,nose,vɨni,467,?
Wakhi,nose,mis,472,?
Waziri,nose,peza,465,?
Yaghnobi,nose,naʔs,467,?
Zazaki,nose,pirnike,473,?
SEK,nose,dɨfɨn,468,?
SK,nose,behvɨl,471,?
NK,nose,poz,465,?
SWK,nose,poz,465,?
NWK,nose,poz,465,?
Ishkashimi,nose,nits,467,?
Zebaki,nose,nits,467,?
Pashto,nose,paza,465,?
Bakhtiyari,not,na,474,?
Balochi,not,na,474,?
Gilaki,not,ne,474,?
Judeo-Tati,not,neki,474,?
Kumzari,not,na,474,?
Modern_Persian,not,na,474,?
Ormuri,not,nak,474,?
Ossetic_Iron,not,næ,474,?
Parachi,not,na,474,?
Shughni,not,na,474,?
Taleshi,not,ni,474,?
Wakhi,not,ne,474,?
Waziri,not,na,474,?
Yaghnobi,not,na,474,?
Zazaki,not,ne,474,?
SEK,not,nɛ,474,?
SK,not,na,474,?
NK,not,na,474,?
SWK,not,na,474,?
NWK,not,nɔ,474,?
Ishkashimi,not,na,474,?
Zebaki,not,na,474,?
Pashto,not,nah,474,?
Bakhtiyari,old,kohne,475,?
Balochi,old,phir,476,?
Gilaki,old,pir,476,?
Judeo-Tati,old,pir,476,?
Kumzari,old,kaʔnaʁ,475,?
Modern_Persian,old,pir,476,?
Ormuri,old,zol,481,?
Ossetic_Iron,old,zærond,480,?
Parachi,old,kona,478,?
Shughni,old,kina,478,?
Taleshi,old,kanə,478,?
Waziri,old,zor,481,?
Yaghnobi,old,kuhna,478,?
Zazaki,old,pilʔixtijar,482,?
SEK,old,kɛwn,478,?
SK,old,kɛvɨn,478,?
NK,old,kɛm,478,?
SWK,old,kævɨn,478,?
NWK,old,kævɨn,478,?
Pashto,old,zor,481,?
Bakhtiyari,one,jak,483,?
Balochi,one,jak,483,?
Gilaki,one,jək,483,?
Judeo-Tati,one,jek,483,?
Kumzari,one,jek,483,?
Modern_Persian,one,jek,483,?
Ormuri,one,ʔe,483,?
Ossetic_Iron,one,iu,483,?
Parachi,one,ʔu,483,?
Shughni,one,jak,483,?
Taleshi,one,gɨləj,489,?
Wakhi,one,ji,483,?
Waziri,one,jo,483,?
Yaghnobi,one,jak,483,?
Zazaki,one,ʤew,483,?
SEK,one,jek,483,?
SK,one,jɛk,483,?
NK,one,jɛk,483,?
SWK,one,jek,483,?
NWK,one,ek,483,?
Ishkashimi,one,wak,483,?
Zebaki,one,wok,483,?
Pashto,one,ju,483,?
Bakhtiyari,rain,baroʔn,491,?
Balochi,rain,gwaragʔ,491,?
Gilaki,rain,barʔ,491,?
Judeo-Tati,rain,voruʔ,491,?
Kumzari,rain,baram,491,?
Modern_Persian,rain,baridan,491,?
Ormuri,rain,bɒrɨn,491,?
Ossetic_Iron,rain,uarɨn,491,?
Parachi,rain,auʔar,494,?
Shughni,rain,borun,491,?
Taleshi,rain,kuluk,495,?
Waziri,rain,waredel,491,?
Yaghnobi,rain,borʔn,491,?
Zazaki,rain,varan,491,?
SEK,rain,baran,491,?
SK,rain,baran,491,?
NK,rain,ʃɨli,493,?
SWK,rain,baran,491,?
NWK,rain,bɔrɔn,491,?
Ishkashimi,rain,urnaduk,492,?
Pashto,rain,vərja,491,?
Bakhtiyari,red,sohr,496,?
Balochi,red,suhr,496,?
Gilaki,red,sorx,496,?
Judeo-Tati,red,qirmizni,497,1
Kumzari,red,sirx,496,?
Modern_Persian,red,sorx,496,?
Ormuri,red,ʃuʃ,496,?
Ossetic_Iron,red,sɨrx,496,?
Parachi,red,surxo,496,1
Shughni,red,lola,498,?
Taleshi,red,sə,496,?
Wakhi,red,sekr,496,?
Waziri,red,sir,496,?
Yaghnobi,red,surx,496,?
Zazaki,red,sur,496,?
SEK,red,sor,496,?
SK,red,sor,496,?
NK,red,sor,496,?
SWK,red,sɵr,496,?
NWK,red,sur,496,?
Ishkashimi,red,surx,496,1
Pashto,red,surx,496,?
Bakhtiyari,root,riʃe,500,?
Balochi,root,par,501,?
Gilaki,root,bex,502,?
Judeo-Tati,root,rag,503,?
Kumzari,root,irq,503,?
Modern_Persian,root,riʃe,500,?
Ormuri,root,bex,502,?
Ossetic_Iron,root,widag,504,?
Parachi,root,bix,502,?
Shughni,root,bex,502,?
Taleshi,root,riʔ,500,?
Wakhi,root,wiux,506,?
Waziri,root,bex,502,?
Yaghnobi,root,riʃa,500,?
Zazaki,root,riʃe,500,?
SEK,root,rɨh,500,?
SK,root,ɹa,500,?
NK,root,kok,503,?
SWK,root,kok,503,?
NWK,root,kok,503,?
Pashto,root,reʂa,500,?
Bakhtiyari,rope,tanaf,508,?
Balochi,rope,rez,509,?
Gilaki,rope,risman,509,?
Judeo-Tati,rope,rase,509,?
Kumzari,rope,baxn,511,?
Modern_Persian,rope,tanab,508,?
Ormuri,rope,beʃ,510,?
Ossetic_Iron,rope,bændæn,511,?
Parachi,rope,boʃ,510,?
Shughni,rope,band,511,?
Taleshi,rope,lofənd,514,?
Wakhi,rope,tunov,508,?
Yaghnobi,rope,wita,515,?
Zazaki,rope,resen,509,?
SEK,rope,bɛndɨk,511,?
SK,rope,ṭa,513,?
NK,rope,bɛnd,511,?
SWK,rope,bɛn,511,?
NWK,rope,bæn,511,?
Ishkashimi,rope,vuʃ,510,?
Zebaki,rope,waʃ,510,?
Pashto,rope,vaʂ,510,?
Bakhtiyari,run,daʋniden,517,?
Balochi,run,taʧ,518,?
Gilaki,run,dobəstən,519,?
Judeo-Tati,run,virixde,520,?
Kumzari,run,burwa,521,?
Modern_Persian,run,dawidan,517,?
Ormuri,run,daŋok,517,?
Ossetic_Iron,run,zhorɨn,525,?
Parachi,run,dow,517,?
Shughni,run,ʒoz,523,?
Taleshi,run,tɨlə,528,?
Wakhi,run,gafs,529,?
Yaghnobi,run,dau,517,?
Zazaki,run,veʃtiʃ,519,?
SEK,run,bɛẓin,519,?
SK,run,baz,523,?
NK,run,ɹɛvin,522,?
SWK,run,ɹɛvin,522,?
NWK,run,bɔz,523,?
Zebaki,run,gaz,523,?
Pashto,run,dzghaledəl,527,?
Bakhtiyari,salt,nemek,530,?
Balochi,salt,whadh,531,?
Gilaki,salt,ʔur,532,?
Judeo-Tati,salt,mynyk,530,?
Kumzari,salt,xuwah,534,?
Modern_Persian,salt,namak,530,?
Ormuri,salt,nimek,530,1
Ossetic_Iron,salt,tsæx,535,?
Parachi,salt,namo,530,?
Shughni,salt,namak,530,1
Taleshi,salt,niʔmek,530,?
Wakhi,salt,nimuk,530,?
Waziri,salt,molga,530,?
Yaghnobi,salt,namak,530,?
Zazaki,salt,sol,532,?
SEK,salt,xe,534,?
SK,salt,xwe,534,?
NK,salt,xwe,534,?
SWK,salt,xwe,534,?
NWK,salt,xwe,534,?
Ishkashimi,salt,namulgak,530,?
Pashto,salt,malga,530,?
Bakhtiyari,sand,mase,537,?
Balochi,sand,rex,538,?
Gilaki,sand,furʃ,539,1
Judeo-Tati,sand,qum,543,1
Kumzari,sand,diri,541,?
Modern_Persian,sand,ʔen,542,?
Ormuri,sand,reg,538,1
Ossetic_Iron,sand,zmis,544,?
Parachi,sand,sexa,545,?
Shughni,sand,ʃoʃ,545,?
Taleshi,sand,ɣum,543,?
Wakhi,sand,luworc,546,?
Waziri,sand,ʃegga,545,?
Yaghnobi,sand,reg,538,1
Zazaki,sand,qum,543,?
SEK,sand,xiz,545,?
SK,sand,qum,543,?
NK,sand,qum,543,?
SWK,sand,qum,543,?
NWK,sand,qum,543,?
Ishkashimi,sand,reg,538,1
Pashto,sand,ʃega,545,?
Bakhtiyari,say,goden,548,?
Balochi,say,guʃagh,548,?
Gilaki,say,guftən,548,?
Judeo-Tati,say,gufdire,548,?
Kumzari,say,gaft,548,?
Modern_Persian,say,goftan,548,?
Ormuri,say,xuʃ,548,?
Ossetic_Iron,say,zæhɨn,551,?
Parachi,say,ʤar,552,?
Shughni,say,gap,548,?
Taleshi,say,vote,554,?
Wakhi,say,xan,548,?
Waziri,say,wejel,554,?
Yaghnobi,say,wov,554,?
Zazaki,say,vatiʔ,554,?
SEK,say,gotɨn,548,?
SK,say,gotɨn,548,?
NK,say,gotɨn,548,?
SWK,say,gotɨn,548,?
NWK,say,gotɨn,548,?
Ishkashimi,say,gez,548,?
Zebaki,say,gez,548,?
Pashto,say,guzarəl,548,?
Bakhtiyari,see,diden,557,?
Balochi,see,ditʰa,557,?
Gilaki,see,deen,557,?
Judeo-Tati,see,vinire,558,?
Kumzari,see,meʃ,559,?
Modern_Persian,see,didan,557,?
Ormuri,see,de,557,?
Ossetic_Iron,see,uɨnɨn,558,?
Parachi,see,boʧ,560,?
Shughni,see,win,558,?
Taleshi,see,vinde,558,?
Wakhi,see,win,558,?
Waziri,see,katel,561,?
Yaghnobi,see,wen,558,?
Zazaki,see,ditiʃ,557,?
SEK,see,ditɨn,557,?
SK,see,ditɨn,557,?
NK,see,ditɨn,557,?
SWK,see,din,557,?
NWK,see,din,557,?
Pashto,see,katə,561,?
Bakhtiyari,shade/shadow,sa,564,?
Balochi,shade/shadow,saxeg,565,?
Gilaki,shade/shadow,sajə,564,?
Judeo-Tati,shade/shadow,soje,564,?
Kumzari,shade/shadow,saja,564,?
Modern_Persian,shade/shadow,saja,564,?
Ormuri,shade/shadow,sjaka,564,?
Ossetic_Iron,shade/shadow,auwon,568,?
Parachi,shade/shadow,seʁ,566,?
Shughni,shade/shadow,soja,564,?
Taleshi,shade/shadow,sognə,565,?
Wakhi,shade/shadow,soja,564,?
Yaghnobi,shade/shadow,soja,564,?
Zazaki,shade/shadow,sersej,566,?
SEK,shade/shadow,sibɛr,564,?
SK,shade/shadow,sɨh,565,?
NK,shade/shadow,si,564,?
SWK,shade/shadow,si,565,?
NWK,shade/shadow,si,564,?
Pashto,shade/shadow,saja,564,?
Bakhtiyari,skin,pust,570,?
Balochi,skin,pʰost,570,?
Gilaki,skin,ʧərm,571,?
Judeo-Tati,skin,pusd,570,?
Kumzari,skin,post,570,1
Modern_Persian,skin,pust,570,?
Ormuri,skin,post,570,?
Ossetic_Iron,skin,carm,571,?
Parachi,skin,pust,570,1
Shughni,skin,pust,570,1
Taleshi,skin,pystin,570,?
Wakhi,skin,pist,570,?
Waziri,skin,tsarman,571,?
Yaghnobi,skin,pust,570,1
Zazaki,skin,poste,570,?
SEK,skin,ʧɛrm,571,?
SK,skin,ʧɛrm,571,?
NK,skin,ʧɛrm,571,?
SWK,skin,ʧɛrm,571,?
NWK,skin,ʧɛrm,571,?
Ishkashimi,skin,kurust,570,?
Pashto,skin,tsarmən,571,?
Bakhtiyari,small,koʧir,573,?
Balochi,small,kik,574,?
Gilaki,small,kuʧik,574,?
Judeo-Tati,small,çykle,574,?
Kumzari,small,ʔik,574,1
Modern_Persian,small,kuʔek,574,?
Ormuri,small,zari,578,?
Ossetic_Iron,small,ʧɨsɨl,579,?
Parachi,small,ʔimo,581,?
Shughni,small,zalik,583,?
Taleshi,small,gada,577,?
Wakhi,small,zuq,584,?
Waziri,small,kam,581,?
Yaghnobi,small,pula,585,?
Zazaki,small,werdi,586,?
SEK,small,kɨʧkɛ,574,?
SK,small,pɨʧuk,574,?
NK,small,pɨʧuk,574,?
SWK,small,ʧuʧɨk,574,?
NWK,small,ʧuk,574,?
Ishkashimi,small,kutokok,577,?
Zebaki,small,kut,577,?
Pashto,small,kam,581,?
Bakhtiyari,smoke,di,587,?
Balochi,smoke,duhon,587,?
Gilaki,smoke,dudəmana,587,?
Judeo-Tati,smoke,dure,587,?
Kumzari,smoke,dur,587,?
Modern_Persian,smoke,dud,587,?
Ormuri,smoke,dud,587,?
Ossetic_Iron,smoke,fæzdæg,588,?
Parachi,smoke,dhi,587,?
Shughni,smoke,dud,587,?
Taleshi,smoke,ʤu,587,?
Wakhi,smoke,dit,587,?
Yaghnobi,smoke,paxst,591,?
Zazaki,smoke,dun,587,?
SEK,smoke,dukɛl,587,?
SK,smoke,duman,587,?
NK,smoke,du,587,?
SWK,smoke,du,587,?
NWK,smoke,tu,587,?
Ishkashimi,smoke,dit,587,?
Pashto,smoke,lugaj,589,?
Bakhtiyari,soil,hak,592,?
Balochi,soil,xak,592,?
Gilaki,soil,zəminə,593,?
Judeo-Tati,soil,zimi,593,?
Kumzari,soil,pʧal,594,?
Modern_Persian,soil,ɣak,592,?
Ossetic_Iron,soil,zæɣ,597,1
Parachi,soil,ken,598,?
Shughni,soil,ʧidow,601,?
Taleshi,soil,zəmin,593,?
Yaghnobi,soil,zoj,604,?
Zazaki,soil,ħer,595,?
SEK,soil,ax,596,?
SK,soil,ax,596,?
NK,soil,xwɛli,595,?
SWK,soil,ax,596,?
NWK,soil,ɔx,596,?
Pashto,soil,ɣavra,595,?
Bakhtiyari,stand,ʋastaden,606,?
Balochi,stand,oʃtagh,607,?
Gilaki,stand,es,606,?
Judeo-Tati,stand,vetovusde,606,?
Kumzari,stand,qawumah,610,?
Modern_Persian,stand,istadan,606,?
Ormuri,stand,darok,613,?
Ossetic_Iron,stand,læuuɨn,614,?
Parachi,stand,papʔɒ,615,?
Shughni,stand,wirafʧ,617,?
Taleshi,stand,mande,618,?
Waziri,stand,daredel,613,?
Yaghnobi,stand,uʃt,607,?
Zazaki,stand,mendis,618,?
SEK,stand,ɹawɛstan,616,?
SK,stand,sɛkɨnandɨn,612,?
NK,stand,sɨkɨnandɨn,612,?
SWK,stand,sɛkɨnin,612,?
NWK,stand,sækɨnin,612,?
Pashto,stand,daredəl,613,?
Bakhtiyari,star,astare,619,?
Balochi,star,istar,619,?
Gilaki,star,sətar,619,?
Judeo-Tati,star,asdara,619,?
Kumzari,star,starg,619,?
Modern_Persian,star,setare,619,?
Ormuri,star,stirak,619,?
Ossetic_Iron,star,scalɨ,619,?
Parachi,star,esteʔ,619,?
Shughni,star,xiterʔ,619,?
Taleshi,star,astovə,619,?
Wakhi,star,stor,619,?
Waziri,star,storai,619,?
Yaghnobi,star,bildinga,621,?
Zazaki,star,estare,619,?
SEK,star,ster,619,?
SK,star,steɹɨk,619,?
NK,star,hɨsterɨk,619,?
SWK,star,hestɨrk,619,?
NWK,star,ɨstɛwrɨk,619,?
Ishkashimi,star,struk,619,?
Zebaki,star,sitara,619,?
Pashto,star,sitara,619,?
Bakhtiyari,stone,bard,622,?
Balochi,stone,xoh,620,?
Gilaki,stone,səng,624,?
Judeo-Tati,stone,senq,624,?
Kumzari,stone,raxgh,625,?
Modern_Persian,stone,sang,624,?
Ormuri,stone,gap,626,?
Ossetic_Iron,stone,dur,628,?
Parachi,stone,gir,623,?
Shughni,stone,sang,624,?
Taleshi,stone,səg,624,?
Wakhi,stone,ghar,623,?
Waziri,stone,konrai,629,?
Yaghnobi,stone,sank,624,?
Zazaki,stone,ʃi,624,?
SEK,stone,bɛr,622,?
SK,stone,kɛvɨr,623,?
NK,stone,kɛvɨr,623,?
SWK,stone,kævɨr,623,?
NWK,stone,kævɨr,623,?
Ishkashimi,stone,sung,624,?
Pashto,stone,dabara,628,?
Bakhtiyari,suck,mekeniden,631,?
Balochi,suck,miʃagh,631,?
Gilaki,suck,fuduʃtən,632,?
Judeo-Tati,suck,keʃire,633,?
Kumzari,suck,massa,634,?
Modern_Persian,suck,mekidan,631,?
Ossetic_Iron,suck,dæjɨn,635,?
Shughni,suck,sipaf,639,?
Taleshi,suck,die,638,?
Wakhi,suck,sup,639,?
Waziri,suck,ravdel,640,?
Yaghnobi,suck,zimak,641,?
Zazaki,suck,antiʃ,631,?
SEK,suck,metɨn,631,?
SK,suck,mɨʒandɨn,631,?
NK,suck,mɨʒandɨn,631,?
SWK,suck,mɨʒin,631,?
NWK,suck,mɨtin,631,?
Pashto,suck,zbeʂəl,636,?
Bakhtiyari,sweet,ʃirin,642,?
Balochi,sweet,ʃiren,642,?
Gilaki,sweet,ʃirin,642,?
Judeo-Tati,sweet,ʃirin,642,?
Kumzari,sweet,ʃirin,642,?
Modern_Persian,sweet,ʃirin,642,?
Ormuri,sweet,xwaʃ,644,?
Ossetic_Iron,sweet,adʤɨn,645,?
Parachi,sweet,ʃirɨn,642,?
Shughni,sweet,ʃirin,642,?
Taleshi,sweet,ʃin,642,?
Wakhi,sweet,ɣuʒg,643,?
Yaghnobi,sweet,ʃirin,642,?
Zazaki,sweet,ʃirin,642,?
SEK,sweet,ʃɨrin,642,?
SK,sweet,ʃirin,642,?
NK,sweet,ʃirin,642,?
SWK,sweet,ʃirɨn,642,?
NWK,sweet,ʃirin,642,?
Ishkashimi,sweet,ɣaʒok,643,?
Pashto,sweet,ʃirin,642,?
Bakhtiyari,tail,din,646,?
Balochi,tail,dumb,646,?
Gilaki,tail,dum,646,?
Judeo-Tati,tail,dym,646,?
Kumzari,tail,dum,646,?
Modern_Persian,tail,dom,646,?
Ormuri,tail,dumb,646,?
Ossetic_Iron,tail,dɨmæg,646,?
Parachi,tail,doʔund,650,?
Shughni,tail,dum,646,?
Taleshi,tail,dum,646,?
Wakhi,tail,kicikam,652,?
Waziri,tail,lakai,651,?
Yaghnobi,tail,dym,646,?
Zazaki,tail,poʧ,649,?
SEK,tail,dylɨk,649,?
SK,tail,duv,646,?
NK,tail,boʧɨk,649,?
SWK,tail,boʧ,649,?
NWK,tail,doʧɨk,649,?
Ishkashimi,tail,dumb,646,?
Pashto,tail,lakəj,651,?
Bakhtiyari,take,gerejden,653,?
Balochi,take,zurag,654,?
Gilaki,take,giftən,653,?
Judeo-Tati,take,vegirde,653,?
Kumzari,take,gir,657,?
Modern_Persian,take,giriftan,653,?
Ormuri,take,wur,658,?
Ossetic_Iron,take,isɨn,648,?
Shughni,take,zez,655,?
Taleshi,take,pegəte,656,?
Wakhi,take,durz,660,?
Yaghnobi,take,barde,653,?
Zazaki,take,berdiʃ,653,?
SEK,take,bɨrɨn,653,?
SK,take,bɨrɨn,653,?
NK,take,bɨrɨn,653,?
SWK,take,bɨrɨn,653,?
NWK,take,bɨrɨn,653,?
Ishkashimi,take,zanz,655,?
Zebaki,take,zagd,655,?
Pashto,take,aɣistəl,659,?
Bakhtiyari,thick,koloft,661,?
Balochi,thick,tʰular,662,?
Gilaki,thick,kuluft,661,?
Judeo-Tati,thick,qolind,663,1
Kumzari,thick,saχt,664,?
Modern_Persian,thick,koloft,661,?
Ossetic_Iron,thick,stavd,665,?
Parachi,thick,estoro,662,?
Shughni,thick,farbijaki,667,?
Taleshi,thick,koloft,661,?
Wakhi,thick,baʤ,668,?
Waziri,thick,ghwut,669,?
Yaghnobi,thick,gafs,670,?
Zazaki,thick,qalin,663,?
SEK,thick,styr,662,?
SK,thick,qalɨn,663,?
NK,thick,qałɨnd,663,?
SWK,thick,qalɨng,663,?
NWK,thick,qalɨng,663,?
Pashto,thick,tət,666,?
Bakhtiyari,thigh,roʋn,671,?
Balochi,thigh,ran,671,?
Gilaki,thigh,kəpəl,672,?
Judeo-Tati,thigh,kefel,672,?
Kumzari,thigh,binʤ,671,?
Modern_Persian,thigh,ran,671,?
Ormuri,thigh,ron,671,?
Ossetic_Iron,thigh,ahd,674,?
Parachi,thigh,ron,671,?
Shughni,thigh,biʃtun,676,?
Taleshi,thigh,ʃevək,678,?
Wakhi,thigh,ron,671,?
Yaghnobi,thigh,ron,671,?
Zazaki,thigh,gohm,679,?
SEK,thigh,qalʧɛ,675,?
SK,thigh,kɛlɛf,675,?
NK,thigh,het,674,?
SWK,thigh,qałʧɛ,675,?
NWK,thigh,qalʧɛ,675,?
Ishkashimi,thigh,satɣan,673,?
Pashto,thigh,vrun,671,?
Bakhtiyari,this,i,680,?
Balochi,this,iʃ,680,?
Gilaki,this,ha,682,?
Judeo-Tati,this,i,680,?
Kumzari,this,ijah,680,?
Modern_Persian,this,in,680,?
Ormuri,this,aɸo,687,?
Ossetic_Iron,this,u,680,?
Parachi,this,e,688,?
Shughni,this,jam,690,?
Taleshi,this,ɨm,690,?
Wakhi,this,jem,690,?
Waziri,this,dai,689,?
Yaghnobi,this,iʃ,680,?
Zazaki,this,na,693,?
SEK,this,ɛw,680,?
SK,this,ɛv,680,?
NK,this,ɛv,680,?
SWK,this,va,680,?
NWK,this,æv,680,?
Ishkashimi,this,nakavi,683,?
Zebaki,this,am,690,?
Pashto,this,da,689,?
Bakhtiyari,tie,gerej,694,?
Balochi,tie,bandagh,695,?
Gilaki,tie,bəst,697,?
Judeo-Tati,tie,debesd,697,?
Kumzari,tie,abn,698,?
Modern_Persian,tie,bastan,697,?
Ormuri,tie,tarok,699,?
Ossetic_Iron,tie,battɨn,697,?
Shughni,tie,vind,695,?
Taleshi,tie,bend,695,?
Wakhi,tie,vund,695,?
Waziri,tie,tarel,699,?
Yaghnobi,tie,vant,695,?
Zazaki,tie,bestiʃ,697,?
SEK,tie,gɨredan,694,?
SK,tie,gɨredan,694,?
NK,tie,gɨredan,694,?
SWK,tie,gɨredan,694,?
NWK,tie,gɨredɔn,694,?
Pashto,tie,tarəl,699,?
Bakhtiyari,tongue,zoʋn,701,?
Balochi,tongue,zawan,701,?
Gilaki,tongue,zəban,701,?
Judeo-Tati,tongue,zuhun,701,?
Kumzari,tongue,zuwan,701,?
Modern_Persian,tongue,zaban,701,?
Ormuri,tongue,zuban,701,?
Ossetic_Iron,tongue,ɜvzag,701,?
Parachi,tongue,zubon,701,?
Shughni,tongue,lavz,704,?
Taleshi,tongue,zɨvon,701,?
Wakhi,tongue,zik,701,?
Waziri,tongue,ʒebba,701,?
Yaghnobi,tongue,zivok,701,?
Zazaki,tongue,ziwan,701,?
SEK,tongue,ʕɛzman,701,?
SK,tongue,zɨman,701,?
NK,tongue,zɨman,701,?
SWK,tongue,zɨman,701,?
NWK,tongue,zɨmɔn,701,?
Ishkashimi,tongue,zivuk,701,?
Zebaki,tongue,zevuk,701,?
Pashto,tongue,zaban,701,?
Bakhtiyari,tooth,dendoʋn,706,?
Balochi,tooth,datʰan,706,?
Gilaki,tooth,dəndan,706,?
Judeo-Tati,tooth,dendu,706,?
Kumzari,tooth,dnan,706,?
Modern_Persian,tooth,dandan,706,?
Ormuri,tooth,giʃi,707,?
Ossetic_Iron,tooth,dændag,706,?
Parachi,tooth,danon,706,?
Shughni,tooth,dindun,706,?
Taleshi,tooth,dondun,706,?
Wakhi,tooth,denduk,706,?
Waziri,tooth,ghwoʃ,708,?
Yaghnobi,tooth,dindak,706,?
Zazaki,tooth,dindan,706,?
SEK,tooth,dɨdan,706,?
SK,tooth,dɨnan,706,?
NK,tooth,dɨran,706,?
SWK,tooth,dɨran,706,?
NWK,tooth,dɨdon,706,?
Ishkashimi,tooth,dand,706,?
Zebaki,tooth,dandak,706,?
Pashto,tooth,ghaʂ,707,?
Bakhtiyari,water,aʋ,709,?
Balochi,water,af,709,?
Gilaki,water,ab,709,?
Judeo-Tati,water,ʔov,709,?
Kumzari,water,hau,709,?
Modern_Persian,water,ab,709,?
Ormuri,water,waʔk,709,?
Ossetic_Iron,water,don,712,?
Parachi,water,owə,709,?
Shughni,water,xac,713,?
Taleshi,water,ob,709,?
Wakhi,water,jupk,714,?
Waziri,water,ebo,709,?
Yaghnobi,water,op,709,?
Zazaki,water,aw,709,?
SEK,water,aw,709,?
SK,water,av,709,?
NK,water,av,709,?
SWK,water,av,709,?
NWK,water,ɔv,709,?
Ishkashimi,water,wek,709,?
Zebaki,water,wek,709,?
Pashto,water,avba,709,?
Bakhtiyari,what?,ʧe,717,?
Balochi,what?,kitʰan,717,?
Gilaki,what?,ʧi,717,?
Judeo-Tati,what?,ʧy,717,?
Kumzari,what?,ʧe,717,?
Modern_Persian,what?,ʧe,717,?
Ormuri,what?,tsa,717,?
Ossetic_Iron,what?,tsɨ,717,?
Parachi,what?,ʧe,717,?
Shughni,what?,ca,717,?
Taleshi,what?,ʧiʧ,717,?
Wakhi,what?,ciz,717,?
Waziri,what?,tse,717,?
Yaghnobi,what?,ʧo,717,?
Zazaki,what?,ʧiʧi,717,?
SEK,what?,ʧɨ,717,?
SK,what?,ʧɨ,717,?
NK,what?,ʧɨ,717,?
SWK,what?,ʧɨ,717,?
NWK,what?,ʧɨ,717,?
Ishkashimi,what?,ciz,717,?
Zebaki,what?,tsiz,717,?
Pashto,what?,tsa,717,?
Bakhtiyari,who?,kej,722,?
Balochi,who?,kitʰan,722,?
Gilaki,who?,ki,722,?
Judeo-Tati,who?,ki,722,?
Kumzari,who?,ke,722,?
Modern_Persian,who?,ki,722,?
Ormuri,who?,kok,722,?
Ossetic_Iron,who?,ci,722,?
Parachi,who?,ki,722,?
Shughni,who?,ʧaj,722,?
Taleshi,who?,ki,722,?
Wakhi,who?,kui,722,?
Waziri,who?,tsok,722,?
Yaghnobi,who?,ka,722,?
Zazaki,who?,kam,722,?
SEK,who?,ke,722,?
SK,who?,ki,722,?
NK,who?,ki,722,?
SWK,who?,ki,722,?
NWK,who?,khi,722,?
Ishkashimi,who?,kudum,722,?
Zebaki,who?,kai,722,?
Pashto,who?,tsuk,722,?
Bakhtiyari,wide,pahn,725,?
Balochi,wide,prah,725,?
Gilaki,wide,pan,725,?
Judeo-Tati,wide,fireh,725,?
Kumzari,wide,paʔn,725,?
Modern_Persian,wide,pahn,725,?
Ormuri,wide,pan,725,?
Ossetic_Iron,wide,fætæn,726,?
Shughni,wide,daxt,728,?
Taleshi,wide,pan,725,?
Wakhi,wide,pam,725,?
Waziri,wide,plan,725,?
Yaghnobi,wide,jaxt,728,?
Zazaki,wide,hera,725,?
SEK,wide,fɨrɛ,725,?
SK,wide,fɛɹɛh,725,?
NK,wide,fɨrɛ,725,?
SWK,wide,fɛrɛ,725,?
NWK,wide,fɛrɛ,725,?
Ishkashimi,wide,pam,725,?
Pashto,wide,praɣ,725,?
Bakhtiyari,wind,bad,730,?
Balochi,wind,go,731,?
Gilaki,wind,bad,730,?
Judeo-Tati,wind,vor,730,?
Kumzari,wind,kawl,732,?
Modern_Persian,wind,bad,730,?
Ormuri,wind,bad,730,?
Ossetic_Iron,wind,dɨmgæ,733,?
Parachi,wind,dhaman,734,?
Shughni,wind,ʃamol,734,?
Taleshi,wind,vu,730,?
Wakhi,wind,semol,734,?
Waziri,wind,bod,730,?
Yaghnobi,wind,wot,730,?
Zazaki,wind,va,730,?
SEK,wind,ba,730,?
SK,wind,ba,730,?
NK,wind,bā,730,?
SWK,wind,ba,730,?
NWK,wind,bɔ,730,?
Pashto,wind,bad,730,?
Bakhtiyari,wing,bal,735,?
Balochi,wing,pʰar,735,?
Gilaki,wing,bal,735,?
Judeo-Tati,wing,qanet,736,1
Kumzari,wing,ʤnah,737,?
Modern_Persian,wing,par,735,?
Ormuri,wing,bal,735,?
Ossetic_Iron,wing,bazɨr,735,?
Parachi,wing,bol,735,?
Shughni,wing,par,735,?
Taleshi,wing,kəʃ,741,?
Wakhi,wing,tup,742,?
Waziri,wing,wazar,735,?
Yaghnobi,wing,par,735,?
Zazaki,wing,per,735,?
SEK,wing,pɛɹ,735,?
SK,wing,pɛɹ,735,?
NK,wing,pɛɹ,735,?
SWK,wing,pil,735,?
NWK,wing,pɨl,735,?
Pashto,wing,vazar,735,?
Bakhtiyari,wood,ler,743,?
Balochi,wood,ladh,743,?
Gilaki,wood,dar,745,?
Judeo-Tati,wood,viʃe,746,?
Kumzari,wood,loh,743,?
Modern_Persian,wood,ʤangal,747,1
Ormuri,wood,pom,748,?
Ossetic_Iron,wood,xʔæd,749,?
Shughni,wood,diraxtzor,751,1
Taleshi,wood,viʔa,746,?
Waziri,wood,zangal,747,1
Zazaki,wood,roʔʃəno,753,?
SEK,wood,dar,745,?
SK,wood,dar,745,?
NK,wood,dar,745,?
SWK,wood,dar,745,?
NWK,wood,dɔr,745,?
Pashto,wood,largaj,743,1
Bakhtiyari,yesterday,duʃ,754,?
Balochi,yesterday,dinax,755,?
Gilaki,yesterday,diruz,756,?
Judeo-Tati,yesterday,di,754,?
Kumzari,yesterday,duʃin,754,1
Modern_Persian,yesterday,diruz,756,?
Ormuri,yesterday,pran,758,?
Ossetic_Iron,yesterday,znon,759,?
Parachi,yesterday,aze,760,?
Shughni,yesterday,bijor,758,?
Taleshi,yesterday,zinə,759,?
Wakhi,yesterday,jez,760,?
Yaghnobi,yesterday,pijon,758,?
Zazaki,yesterday,vizer,758,?
SEK,yesterday,duhu,754,?
SK,yesterday,duho,754,?
NK,yesterday,do,754,?
SWK,yesterday,dɨhu,754,?
NWK,yesterday,do,754,?
Ishkashimi,yesterday,paruzd,756,?
Pashto,yesterday,parun,758,?
